31241.7712678417 3.37452780149174e-23 -1.06312290516747e-17 1.06312965422308e-17
33881.640954112 2.90105330061183e-23 -9.00801735886991e-18 9.00807537993592e-18
36744.574560182 2.49401123596326e-23 -7.63107207070073e-18 7.63112195092545e-18
39849.4205589801 2.14408058059435e-23 -6.46323617475328e-18 6.46327905636489e-18
43216.6200832072 1.84324812566704e-23 -5.47293204736931e-18 5.47296891233182e-18
46868.3415020293 1.58462498262693e-23 -4.63332720515713e-18 4.63335889765678e-18
50828.6263692426 1.3622888316551e-23 -3.9216243299303e-18 3.92165157570693e-18
55123.5477037778 1.17114830398274e-23 -3.31845711637748e-18 3.31848053934356e-18
59781.3816446039 1.00682639250243e-23 -2.80737622294176e-18 2.80739635946961e-18
64832.7936101409 8.65560220846626e-24 -2.37441193436551e-18 2.37442924556993e-18
70311.0401877862 7.44114875703612e-24 -2.00770212851624e-18 2.00771701081375e-18
76252.1880827177 6.39709329180825e-24 -1.69717583110208e-18 1.69718862528866e-18
82695.3515674511 5.49952754880794e-24 -1.43428408292076e-18 1.43429508197585e-18
89682.9499954279 4.7278977936475e-24 -1.21177107221613e-18 1.21178052801172e-18
97260.9870740081 4.0645341529423e-24 -1.02347953097476e-18 1.02348766004307e-18
105479.353735494 3.49424598446937e-24 -8.64185285389055e-19 8.64192273881024e-19
114392.156600175 3.00397402028022e-24 -7.29456610104052e-19 7.29462618052092e-19
124058.074193865 2.58249131704699e-24 -6.15534682746514e-19 6.15539847729148e-19
134540.743265147 2.22014616557869e-24 -5.19231986230725e-19 5.19236426523057e-19
145909.17774567 1.90864107228442e-24 -4.37845975617641e-19 4.37849792899786e-19
158238.223111798 1.64084275138771e-24 -3.69085725956571e-19 3.69089007642074e-19
171609.049138941 1.41061877682383e-24 -3.11009617862318e-19 3.11012439099871e-19
186109.684292681 1.21269715324342e-24 -2.61972407356952e-19 2.61974832751258e-19
201835.595274921 1.04254559037984e-24 -2.20580273219176e-19 2.20582358310357e-19
218890.315540575 8.96267716233586e-25 -1.8565264511506e-19 1.85654437650493e-19
237386.126922707 7.70513852415696e-25 -1.56189794569079e-19 1.56191335596784e-19
257444.798853688 6.62404308457485e-25 -1.3134532300722e-19 1.31346647815837e-19
279198.390049119 5.69463438570751e-25 -1.10402810612973e-19 1.1040394953985e-19
302790.117932513 4.89562950796594e-25 -9.27559999463319e-20 9.27569790722335e-20
328375.301524681 4.2087317035524e-25 -7.7891982052131e-20 7.78928237984717e-20
356122.384005474 3.61821141155894e-25 -6.53769325687774e-20 6.53776562110597e-20
386214.041680021 3.11054606015524e-25 -5.48440132221212e-20 5.48446353313333e-20
418848.386650483 2.67411040754484e-25 -4.59831118235731e-20 4.59836466456546e-20
454240.271111271 2.29891033067769e-25 -3.85321429958257e-20 3.85326027778918e-20
492622.701854696 1.97635396563482e-25 -3.22696736088919e-20 3.22700688796851e-20
534248.374299632 1.69905495893311e-25 -2.70086724181088e-20 2.70090122291005e-20
579391.33614266 1.46066332431899e-25 -2.25912135862029e-20 2.25915057188677e-20
628348.791584537 1.25572003177009e-25 -1.88839894369347e-20 1.88842405809411e-20
681443.058010334 1.07953199887718e-25 -1.57745096037191e-20 1.57747255101189e-20
739023.688005296 9.2806462198187e-26 -1.31678822779877e-20 1.31680678909121e-20
801469.770676961 7.9784938609526e-26 -1.09840890183389e-20 1.09842485882162e-20
869192.427434581 6.85904437918569e-26 -9.15567796926864e-21 9.15581515015622e-21
942637.518657118 5.8966630313383e-26 -7.62581171197158e-21 7.6259296452322e-21
1022288.57906948 5.06931184330373e-26 -6.3466156309747e-21 6.34671701721157e-21
1108670.00115241 4.35804495323638e-26 -5.27778088584654e-21 5.2778680467456e-21
1202350.48754443 3.74657476231555e-26 -4.38538304523902e-21 4.38545797673426e-21
1303946.79516505 3.22089895818899e-26 -3.64088335676985e-21 3.64094777474902e-21
1414127.79570931 2.76897987014976e-26 -3.02028464869563e-21 3.02034002829303e-21
1533618.87924617 2.38046881346618e-26 -2.50341812228384e-21 2.5034657316601e-21
1663206.72991266 2.04646911050986e-26 -2.07334091149019e-21 2.0733818408724e-21
1803744.50514491 1.75933236200345e-26 -1.71582735610787e-21 1.71586254275511e-21
1956157.45254428 1.51248330311787e-26 -1.41893953856103e-21 1.41896978822709e-21
2121449.00135793 1.3002692337253e-26 -1.17266484319319e-21 1.17269084857787e-21
2300707.36867777 1.11783057484822e-26 -9.68610169999564e-22 9.68632526611061e-22
2495112.72385054 9.6098958712229e-27 -7.99744023146467e-22 7.99763242938209e-22
2705944.95826679 8.26154702990537e-27 -6.60179041706477e-22 6.60195564800537e-22
2934592.11168211 7.10238281891526e-27 -5.44988682933459e-22 5.45002887699097e-22
3182559.51054633 6.10585905083209e-27 -4.50052738982823e-22 4.50064950700925e-22
3451479.67850399 5.24915590994884e-27 -3.71927193724145e-22 3.71937692035965e-22
3743123.08431304 4.51265539174147e-27 -3.07734630863063e-22 3.07743656173846e-22
4059409.7979421 3.87949206195551e-27 -2.55072008055857e-22 2.55079767039981e-22
4402422.1315855 3.33516684795373e-27 -2.11933130194565e-22 2.11939800528261e-22
4774418.34881986 2.86721501837092e-27 -1.76643599782191e-22 1.76649334212228e-22
5177847.532158 2.46492074800265e-27 -1.47806398293699e-22 1.47811328135195e-22
5615365.70688273 2.1190717316297e-27 -1.24256557795703e-22 1.24260795939167e-22
6089853.32731353 1.8217482275772e-27 -1.0502361039972e-22 1.05027253896175e-22
6604434.24062927 1.56614170022849e-27 -8.93006502226569e-23 8.93037825060574e-23
7162496.25309746 1.34639890851254e-27 -7.6418917873304e-23 7.6421610671121e-23
7767713.43411048 1.1574878700818e-27 -6.58268533974968e-23 6.5829168373237e-23
8424070.30486993 9.95082631838015e-28 -5.70726121467955e-23 5.70746023120592e-23
9135888.07096845 8.55464208117962e-28 -4.97891495255337e-23 4.97908604539499e-23
9907853.07157433 7.35435418080959e-28 -4.36811736162728e-23 4.3682644487109e-23
10745047.6325176 6.32247672123922e-28 -3.85135104848236e-23 3.85147749801678e-23
11652983.5264024 5.43538030775278e-28 -3.41006640284034e-23 3.41017511044649e-23
12637638.2600353 4.67275094752997e-28 -3.0297522177753e-23 3.02984567279425e-23
13705494.4280708 4.01712487100458e-28 -2.69912387481798e-23 2.6992042173154e-23
14863582.3919646 3.45348862168093e-28 -2.40943179722907e-23 2.40950086700151e-23
16119526.5652169 2.96893525669695e-28 -2.15388811560155e-23 2.15394749430668e-23
17481595.6096295 2.55236878532636e-28 -1.92720370256481e-23 1.92725474994052e-23
18958756.8730499 2.19425007723344e-28 -1.72522320927942e-23 1.72526709428097e-23
20560735.4270012 1.88637842192672e-28 -1.54464334765696e-23 1.5446810752254e-23
22298078.0928773 1.62170373725008e-28 -1.38279928272337e-23 1.38283171679812e-23
24182222.8782297 1.39416512659465e-28 -1.2375050484206e-23 1.23753293172313e-23
26225574.2802861 1.19855208788542e-28 -1.1069357348477e-23 1.10695970588946e-23
28441584.952473 1.03038519610895e-28 -9.89541304037531e-24 9.89561911741453e-24
30844844.2716013 8.85813527081343e-29 -8.83983943103168e-24 8.84001659373709e-24
33451174.3888102 7.61526473520219e-29 -7.89092681806249e-24 7.8910791233572e-24
36277734.3966308 6.54677934060141e-29 -7.03830519154811e-24 7.03843612713493e-24
39343133.2979668 5.62821139183776e-29 -6.2727051873369e-24 6.27281775156474e-24
42667552.5207368 4.83852621620549e-29 -5.58578276435614e-24 5.58587953488046e-24
46272878.7847691 4.15964048167411e-29 -4.96998881041322e-24 4.97007200322286e-24
50182848.195694 3.5760080990842e-29 -4.41847022722923e-24 4.41854174739121e-24
54423202.5144927 3.07426422573163e-29 -3.9249929754406e-24 3.92505446072511e-24
59021858.6315242 2.64291921822932e-29 -3.48388041363667e-24 3.48393327202104e-24
64009092.3607806 2.27209552634452e-29 -3.08996231425204e-24 3.09000775616257e-24
69417737.7644051 1.95330150283347e-29 -2.73853139475928e-24 2.73857046078934e-24
75283403.3197492 1.6792369496497e-29 -2.42530522592124e-24 2.42533881066023e-24
81644706.35213 1.44362594764728e-29 -2.14639209019771e-24 2.14642096271666e-24
88543527.2767068 1.24107314167619e-29 -1.89825985168569e-24 1.89828467314852e-24
96025285.3233073 1.06694019008195e-29 -1.67770722925384e-24 1.67772856805764e-24
